       495           5           5
       230         270          10
       399         101           1
       452          48           4
        12         488           4
       334         166           2
        24         476           4
       361         139           1
       308         192           4
       141         359           1
       161         339           1
       182         318           2
        67         433           1
       223         277           1
        42         458           2
         2         498           2
       133         367           1
       352         148           4
       139         361           1
       493           7           1
       334         166           2
       117         383           1
       389         111           1
        15         485           5
       268         232           4
       236         264           4
       109         391           1
       428          72           4
       487          13           1
       161         339           1
       435          65           5
       313         187           1
       234         266           2
       114         386           2
        18         482           2
       447          53           1
       238         262           2
       315         185           5
       130         370          10
       332         168           4
       101         399           1
       382         118           2
       390         110          10
       177         323           1
       200         300         100
       307         193           1
       129         371           1
       298         202           2
        43         457           1
       125         375         125
        28         472           4
       403          97           1
       337         163           1
       470          30          10
       106         394           2
       172         328           4
       342         158           2
       244         256           4
       177         323           1
       420          80          20
       170         330          10
       426          74           2
       240         260          20
        19         481           1
       147         353           1
       315         185           5
       460          40          20
       263         237           1
       470          30          10
        88         412           4
       162         338           2
       458          42           2
         2         498           2
       316         184           4
        22         478           2
       129         371           1
       461          39           1
       264         236           4
       155         345           5
       303         197           1
       145         355           5
       400         100         100
       315         185           5
       438          62           2
        37         463           1
       447          53           1
        26         474           2
       390         110          10
       104         396           4
       478          22           2
       239         261           1
       188         312           4
       444          56           4
       196         304           4
       234         266           2
       433          67           1
       455          45           5
       248         252           4
       358         142           2
         8         492           4
       228         272           4
       473          27           1
       285         215           5
       325         175          25
       485          15           5
        44         456           4
       478          22           2
        54         446           2
       192         308           4
        83         417           1
       122         378           2
       458          42           2
       366         134           2
       485          15           5
       280         220          20
       465          35           5
        94         406           2
       495           5           5
       399         101           1
       112         388           4
        29         471           1
         3         497           1
       251         249           1
       212         288           4
        30         470          10
       293         207           1
       359         141           1
       481          19           1
       422          78           2
        43         457           1
       178         322           2
        53         447           1
       487          13           1
       348         152           4
       158         342           2
       317         183           1
       190         310          10
       419          81           1
        55         445           5
       373         127           1
        44         456           4
       414          86           2
       346         154           2
       125         375         125
       323         177           1
       362         138           2
       426          74           2
       303         197           1
       408          92           4
       471          29           1
        44         456           4
        59         441           1
        95         405           5
       143         357           1
       155         345           5
       420          80          20
        33         467           1
       369         131           1
       224         276           4
       282         218           2
       448          52           4
       440          60          20
        14         486           2
         5         495           5
       259         241           1
       422          78           2
       362         138           2
       298         202           2
       461          39           1
       115         385           5
       428          72           4
       171         329           1
        79         421           1
       282         218           2
       269         231           1
       123         377           1
       172         328           4
       145         355           5
       351         149           1
        99         401           1
       350         150          50
       399         101           1
       311         189           1
        57         443           1
        46         454           2
       196         304           4
       142         358           2
        98         402           2
       317         183           1
       401          99           1
       169         331           1
       134         366           2
       162         338           2
       458          42           2
        65         435           5
       122         378           2
       171         329           1
       319         181           1
       244         256           4
       249         251           1
       356         144           4
       219         281           1
       305         195           5
       374         126           2
       387         113           1
       167         333           1
        94         406           2
       413          87           1
       311         189           1
       133         367           1
       268         232           4
       498           2           2
       431          69           1
       196         304           4
       489          11           1
       105         395           5
        70         430          10
       285         215           5
       185         315           5
       466          34           2
       149         351           1
        36         464           4
        62         438           2
       276         224           4
       227         273           1
       164         336           4
       382         118           2
        48         452           4
        23         477           1
       328         172           4
        20         480          20
        24         476           4
       138         362           2
       229         271           1
       422          78           2
       137         363           1
       212         288           4
       315         185           5
       356         144           4
       343         157           1
       418          82           2
       382         118           2
        81         419           1
       466          34           2
       245         255           5
       213         287           1
       155         345           5
       128         372           4
       236         264           4
       241         259           1
       224         276           4
       220         280          20
       479          21           1
         9         491           1
       448          52           4
       262         238           2
       256         244           4
       212         288           4
       497           3           1
       282         218           2
       256         244           4
        16         484           4
       216         284           4
       392         108           4
       273         227           1
       125         375         125
       175         325          25
       259         241           1
        91         409           1
       171         329           1
       352         148           4
       195         305           5
       217         283           1
       455          45           5
       432          68           4
       288         212           4
       409          91           1
       371         129           1
       341         159           1
       411          89           1
       282         218           2
        14         486           2
       129         371           1
       496           4           4
       271         229           1
       260         240          20
       162         338           2
       352         148           4
       328         172           4
       257         243           1
       195         305           5
       367         133           1
       190         310          10
       385         115           5
       214         286           2
        50         450          50
       404          96           4
       206         294           2
       144         356           4
       102         398           2
       411          89           1
         9         491           1
        65         435           5
       149         351           1
       362         138           2
        19         481           1
       352         148           4
       210         290          10
       444          56           4
        60         440          20
       225         275          25
       239         261           1
       159         341           1
       406          94           2
       319         181           1
       284         216           4
       411          89           1
       388         112           4
       119         381           1
       382         118           2
       210         290          10
       268         232           4
        76         424           4
       135         365           5
        75         425          25
       423          77           1
       350         150          50
        19         481           1
       234         266           2
        45         455           5
       140         360          20
        10         490          10
       365         135           5
       257         243           1
       459          41           1
       440          60          20
       105         395           5
        28         472           4
        30         470          10
       406          94           2
        58         442           2
       425          75          25
       360         140          20
       283         217           1
       335         165           5
        71         429           1
       178         322           2
       309         191           1
       496           4           4
       154         346           2
       294         206           2
       389         111           1
       329         171           1
       116         384           4
       494           6           2
       175         325          25
       373         127           1
       323         177           1
       318         182           2
       419          81           1
       221         279           1
       255         245           5
       462          38           2
       372         128           4
       458          42           2
        75         425          25
       469          31           1
       217         283           1
       381         119           1
        25         475          25
       488          12           4
       309         191           1
       183         317           1
        70         430          10
        51         449           1
       379         121           1
       312         188           4
       419          81           1
       400         100         100
       260         240          20
       130         370          10
       165         335           5
       224         276           4
       158         342           2
       349         151           1
        79         421           1
       304         196           4
       195         305           5
       354         146           2
        75         425          25
        50         450          50
       401          99           1
       429          71           1
       322         178           2
       232         268           4
        60         440          20
       181         319           1
       492           8           4
       240         260          20
       162         338           2
       373         127           1
       154         346           2
        20         480          20
       268         232           4
       171         329           1
        59         441           1
       107         393           1
       369         131           1
       327         173           1
       415          85           5
       432          68           4
       206         294           2
       234         266           2
       342         158           2
        76         424           4
       206         294           2
        82         418           2
       329         171           1
       429          71           1
       123         377           1
       207         293           1
       413          87           1
        84         416           4
        19         481           1
       408          92           4
        21         479           1
       104         396           4
       204         296           4
       316         184           4
       471          29           1
       108         392           4
        97         403           1
       190         310          10
       421          79           1
       204         296           4
       161         339           1
       263         237           1
       257         243           1
         6         494           2
        67         433           1
       268         232           4
       133         367           1
       389         111           1
       208         292           4
       125         375         125
       412          88           4
       110         390          10
       254         246           2
       348         152           4
       233         267           1
       311         189           1
       156         344           4
       144         356           4
       397         103           1
       446          54           2
       260         240          20
       487          13           1
       157         343           1
       251         249           1
       202         298           2
       477          23           1
       493           7           1
       440          60          20
       362         138           2
       455          45           5
       455          45           5
       165         335           5
        55         445           5
       126         374           2
       179         321           1
        80         420          20
        46         454           2
       415          85           5
       231         269           1
       431          69           1
        30         470          10
       375         125         125
        90         410          10
       480          20          20
       456          44           4
       138         362           2
        84         416           4
       446          54           2
       402          98           2
       491           9           1
        86         414           2
       322         178           2
       138         362           2
       237         263           1
        46         454           2
       424          76           4
       349         151           1
       101         399           1
       328         172           4
       265         235           5
       255         245           5
       348         152           4
       318         182           2
       222         278           2
       195         305           5
       420          80          20
